2026-06-03 23:00 0.000382348414162429 0.000647100896318679 0.000361290973938361 0.000456667291010121 9307
2026-06-04 00:00 0.000456667291010121 0.000532277537389561 0.000114289006205717 0.000114512141418782 331899
2026-06-04 01:00 0.000114512141418782 0.000122598545338328 0.000107954646211974 0.000115015913481957 88417
2026-06-04 02:00 0.000115015913481957 0.000121429731130178 0.000114059415586458 0.000114646558098599 41343
2026-06-04 03:00 0.000114646558098599 0.00011802867552315 0.000111247769490991 0.000111296267479131 31787
2026-06-04 04:00 0.000111296267479131 0.000114635387010785 0.000107550093446257 0.000110184848919913 19165
2026-06-04 05:00 0.000110184848919913 0.000110184848919913 9.67662343284779e-05 0.00010552018957645 68333
2026-06-04 06:00 0.00010552018957645 0.000107116553871196 9.6187995229596e-05 9.73569278831742e-05 24450
2026-06-04 07:00 9.73569278831742e-05 9.92894242945759e-05 8.95401688662163e-05 9.15223007822162e-05 22310
2026-06-04 08:00 9.15223007822162e-05 0.000102013231324383 8.98092542585486e-05 0.000101044858892179 30407
2026-06-04 09:00 0.000101044858892179 0.000101044858892179 9.79206651765302e-05 0.000100513375004486 8592
2026-06-04 10:00 0.000100513375004486 0.000101413159843193 9.76065692702848e-05 0.000100699183951991 6385
2026-06-04 11:00 0.000100699183951991 0.000100813249243245 9.35738080333336e-05 9.62697303486363e-05 30629
2026-06-04 12:00 9.62697303486363e-05 9.91069018649235e-05 9.44809979564028e-05 9.83913120487153e-05 17555
2026-06-04 13:00 9.83913120487153e-05 9.93701142291765e-05 9.64599691484877e-05 9.67284329431238e-05 7846
2026-06-04 14:00 9.67284329431238e-05 9.87417221645173e-05 9.63685112126169e-05 9.70746570194102e-05 11651
2026-06-04 15:00 9.70746570194102e-05 9.9155446314831e-05 9.13325016140735e-05 9.20312467276607e-05 44428
2026-06-04 16:00 9.20312467276607e-05 9.24941240770088e-05 8.6964021102205e-05 9.06988222129128e-05 35312
2026-06-04 17:00 9.06988222129128e-05 9.07960683917611e-05 8.83575235469272e-05 9.03159861545893e-05 8892
2026-06-04 18:00 9.03159861545893e-05 9.10267216615441e-05 8.84049519638055e-05 9.06378316202581e-05 8301
2026-06-04 19:00 9.06378316202581e-05 9.15266973429716e-05 8.8804831969541e-05 9.08758220800785e-05 21106
2026-06-04 20:00 9.08758220800785e-05 9.19260850731333e-05 8.9161096430054e-05 9.14008835098749e-05 15622
2026-06-04 21:00 9.14008835098749e-05 9.14570561468154e-05 8.92202778394293e-05 8.99179087416929e-05 2422
2026-06-04 22:00 8.99179087416929e-05 9.17739027385795e-05 8.92450422606489e-05 8.94953843158679e-05 3665
2026-06-04 23:00 8.94953843158679e-05 9.19544434382904e-05 8.92620774289516e-05 8.95847248888286e-05 4598
2026-06-05 00:00 8.95847248888286e-05 9.17321241544924e-05 8.91953573403801e-05 8.98096904104485e-05 2333
2026-06-05 01:00 8.98096904104485e-05 9.16033446630939e-05 8.92375076721732e-05 8.93351520098521e-05 1522
2026-06-05 02:00 8.93351520098521e-05 9.16501211779257e-05 8.92615385660918e-05 8.9279689325211e-05 3508
2026-06-05 03:00 8.9279689325211e-05 9.16980510052585e-05 8.92012138613483e-05 8.97886278839005e-05 954
2026-06-05 04:00 8.97886278839005e-05 9.17678015733603e-05 8.92553951915307e-05 9.11446435655217e-05 2577
2026-06-05 05:00 9.11446435655217e-05 9.16988134289547e-05 8.91179035905226e-05 8.98747285824308e-05 1022
2026-06-05 06:00 8.98747285824308e-05 9.17125613535064e-05 8.91853370464883e-05 9.17125613535064e-05 2027
2026-06-05 07:00 9.17125613535064e-05 9.17125613535064e-05 8.90400610842734e-05 8.90400610842734e-05 13718
2026-06-05 08:00 8.90400610842734e-05 9.13475903466876e-05 8.8653611370907e-05 8.87833557778074e-05 2616
2026-06-05 09:00 8.87833557778074e-05 9.09752721845495e-05 8.8559747035473e-05 8.87767610118284e-05 3107
2026-06-05 10:00 8.87767610118284e-05 9.09161840184341e-05 8.85500839334824e-05 8.85795899896466e-05 3683
2026-06-05 11:00 8.85795899896466e-05 9.1119101249364e-05 8.85119235435748e-05 8.90512536523895e-05 8984
2026-06-05 12:00 8.90512536523895e-05 9.08898472584833e-05 8.83382720550269e-05 8.9084960077329e-05 6880
2026-06-05 13:00 8.9084960077329e-05 9.09343472460746e-05 8.83213157997211e-05 8.91585538543376e-05 9704
2026-06-05 14:00 8.91585538543376e-05 8.91585538543376e-05 8.85323959753027e-05 8.9014018048296e-05 1574
2026-06-05 15:00 8.9014018048296e-05 9.08354023133922e-05 8.84051212547544e-05 9.08354023133922e-05 3762
2026-06-05 16:00 9.08354023133922e-05 9.08354023133922e-05 8.84219091749026e-05 9.03926026509449e-05 7278
2026-06-05 17:00 9.03926026509449e-05 9.09906983036977e-05 8.8490921078358e-05 8.87005591260055e-05 13247
2026-06-05 18:00 8.87005591260055e-05 9.07932343309557e-05 8.84459100734925e-05 8.92887788681378e-05 2192
2026-06-05 19:00 8.92887788681378e-05 8.93219474723798e-05 8.8537743974326e-05 8.8537743974326e-05 2692
2026-06-05 20:00 8.8537743974326e-05 9.10235611794087e-05 8.85129791457184e-05 8.85368697330811e-05 2752
2026-06-05 21:00 8.85368697330811e-05 9.05507314883058e-05 8.85368697330811e-05 9.05507314883058e-05 237
2026-06-05 22:00 9.05507314883058e-05 9.0978445729365e-05 8.87641098989902e-05 8.90537280699692e-05 669
2026-06-05 23:00 8.90537280699692e-05 9.10775870328165e-05 8.86005690333394e-05 8.86257953614046e-05 581
2026-06-06 00:00 8.86257953614046e-05 9.08598824725273e-05 8.86257953614046e-05 8.91401068755495e-05 1414
2026-06-06 01:00 8.91401068755495e-05 9.098346628206e-05 8.87129432508456e-05 8.87129432508456e-05 125
2026-06-06 02:00 8.87129432508456e-05 9.07897906394245e-05 8.86735726122397e-05 8.87340850533781e-05 2005
2026-06-06 03:00 8.87340850533781e-05 9.07542466564605e-05 8.85725949199943e-05 8.85736316336381e-05 407
2026-06-06 04:00 8.85736316336381e-05 9.03768983490248e-05 8.85736316336381e-05 8.86897136760445e-05 483
2026-06-06 05:00 8.86897136760445e-05 9.09123807065034e-05 8.85530685411973e-05 8.91520850624946e-05 529
2026-06-06 06:00 8.91520850624946e-05 9.05023723417997e-05 8.8498219555854e-05 8.90531483122581e-05 516
2026-06-06 07:00 8.90531483122581e-05 9.05520767820681e-05 8.8767017717929e-05 8.92552024727643e-05 910
2026-06-06 08:00 8.92552024727643e-05 9.07863188835258e-05 8.84899508906214e-05 9.07436693005625e-05 916
2026-06-06 09:00 9.07436693005625e-05 9.07436693005625e-05 8.87571412783072e-05 8.87571412783072e-05 5
2026-06-06 10:00 8.87571412783072e-05 9.04656308815796e-05 8.85406072727417e-05 9.04656308815796e-05 5392
2026-06-06 11:00 9.04656308815796e-05 9.07980885355455e-05 8.86821864796678e-05 8.90887567761663e-05 1130
2026-06-06 12:00 8.90887567761663e-05 9.12187589363206e-05 8.84485223111794e-05 8.87360523146402e-05 8060
2026-06-06 13:00 8.87360523146402e-05 9.09978393915458e-05 8.87360523146402e-05 8.91134348341971e-05 8418
2026-06-06 14:00 8.91134348341971e-05 8.94417941080777e-05 8.87499500355294e-05 8.87499500355294e-05 2774
2026-06-06 15:00 8.87499500355294e-05 9.1002410314647e-05 8.85651477204611e-05 8.86024503816042e-05 5803
2026-06-06 16:00 8.86024503816042e-05 9.07350519974577e-05 8.86024503816042e-05 9.07201968216435e-05 5735
2026-06-06 17:00 9.07201968216435e-05 9.11176698551565e-05 8.91263723314111e-05 8.93873675082883e-05 3636
2026-06-06 18:00 8.93873675082883e-05 9.07573941685216e-05 8.84603619615089e-05 9.0417213413626e-05 2581
2026-06-06 19:00 9.0417213413626e-05 9.08333704975058e-05 8.87734449660115e-05 9.08000234675871e-05 790
2026-06-06 20:00 9.08000234675871e-05 9.09860336438783e-05 8.86830991311237e-05 8.86830991311237e-05 282
2026-06-06 21:00 8.86830991311237e-05 9.10818462948511e-05 8.86830991311237e-05 8.91327554647813e-05 1306
2026-06-06 22:00 8.91327554647813e-05 9.0966248418599e-05 8.85740639974562e-05 8.87537549307815e-05 157
2026-06-06 23:00 8.87537549307815e-05 9.12339932078554e-05 8.87020278155917e-05 8.94161040678964e-05 1833
2026-06-07 00:00 8.94161040678964e-05 9.09681382924695e-05 8.86067005547983e-05 9.09158130091376e-05 1149
2026-06-07 01:00 9.09158130091376e-05 9.1179891658306e-05 8.86535062052584e-05 9.03047020184041e-05 447
2026-06-07 02:00 9.03047020184041e-05 9.0332501597389e-05 8.8508119008124e-05 8.88468156037217e-05 564
2026-06-07 03:00 8.88468156037217e-05 9.10700903591424e-05 8.84443051118852e-05 9.0248758791511e-05 284
2026-06-07 04:00 9.0248758791511e-05 9.08088627980432e-05 8.87713206315779e-05 8.87713206315779e-05 121
2026-06-07 05:00 8.87713206315779e-05 9.04957908676377e-05 8.87713206315779e-05 9.04957908676377e-05 131
2026-06-07 06:00 9.04957908676377e-05 9.08025440360461e-05 8.84772899504505e-05 8.84772899504505e-05 20
2026-06-07 07:00 8.84772899504505e-05 9.11675369711855e-05 8.84772899504505e-05 9.06890009700545e-05 21464
2026-06-07 08:00 9.06890009700545e-05 9.12841693016304e-05 8.89018123951393e-05 9.07013611353236e-05 656
2026-06-07 09:00 9.07013611353236e-05 9.08407047919647e-05 8.89650547449687e-05 8.89650547449687e-05 162
2026-06-07 10:00 8.89650547449687e-05 9.10573258635241e-05 8.89650547449687e-05 8.92549307995993e-05 20
2026-06-07 11:00 8.92549307995993e-05 9.08543780834712e-05 8.91343368606174e-05 8.95454635602544e-05 11040
2026-06-07 12:00 8.95454635602544e-05 9.14517668877317e-05 8.89270779280337e-05 8.90577399057686e-05 483
2026-06-07 13:00 8.90577399057686e-05 9.09425629874441e-05 8.89880939016317e-05 8.89880939016317e-05 166
2026-06-07 14:00 8.89880939016317e-05 9.13749164961402e-05 8.87742662560323e-05 8.9506803657359e-05 2381
2026-06-07 15:00 8.9506803657359e-05 9.08230843464436e-05 8.89378403889863e-05 8.93937983948229e-05 229
2026-06-07 16:00 8.93937983948229e-05 9.09106742456849e-05 8.9022499355341e-05 9.08818993638709e-05 4484
2026-06-07 17:00 9.08818993638709e-05 9.14461566852394e-05 8.90482885259483e-05 9.13686061064529e-05 383
2026-06-07 18:00 9.13686061064529e-05 9.13686061064529e-05 8.88388916675508e-05 9.11728486600655e-05 1152
2026-06-07 19:00 9.11728486600655e-05 9.12381881627252e-05 8.88816904548577e-05 8.95352717771041e-05 394
2026-06-07 20:00 8.95352717771041e-05 9.08264308577138e-05 8.88193367323952e-05 8.90045515104281e-05 80
2026-06-07 21:00 8.90045515104281e-05 9.12602395740312e-05 8.88781413502566e-05 8.95610731468868e-05 2896
2026-06-07 22:00 8.95610731468868e-05 9.094500072683e-05 8.95610731468868e-05 9.04472823521173e-05 264
2026-06-07 23:00 9.04472823521173e-05 9.04472823521173e-05 8.8229858280182e-05 8.8229858280182e-05 218
2026-06-08 00:00 8.8229858280182e-05 9.11372684186786e-05 8.8229858280182e-05 9.07127373437941e-05 2252
2026-06-08 01:00 9.07127373437941e-05 9.11317340511355e-05 8.88271297754984e-05 8.89535202388721e-05 3683
2026-06-08 02:00 8.89535202388721e-05 8.93382698740468e-05 8.88365072734191e-05 8.93382698740468e-05 234
2026-06-08 03:00 8.93382698740468e-05 9.12202816617119e-05 8.9098999364263e-05 9.09840033358476e-05 13841
2026-06-08 04:00 9.09840033358476e-05 9.09840033358476e-05 8.85974200709423e-05 8.85974200709423e-05 456
2026-06-08 05:00 8.85974200709423e-05 9.03286033668592e-05 8.85611685974007e-05 8.87774081080841e-05 868
2026-06-08 06:00 8.87774081080841e-05 9.12451757390128e-05 8.87774081080841e-05 8.93580979738429e-05 405
2026-06-08 07:00 8.93580979738429e-05 9.10266676508248e-05 8.87150784996591e-05 9.10266676508248e-05 152
2026-06-08 08:00 9.10266676508248e-05 9.10266676508248e-05 8.85820992049022e-05 8.9080956245885e-05 435
2026-06-08 09:00 8.9080956245885e-05 9.10089437602702e-05 8.85354415981522e-05 8.85354415981522e-05 88
2026-06-08 10:00 8.85354415981522e-05 9.11620960005126e-05 8.85354415981522e-05 8.92205491025646e-05 2454
2026-06-08 11:00 8.92205491025646e-05 9.08990490949541e-05 8.85245309862241e-05 8.85245309862241e-05 140
2026-06-08 12:00 8.85245309862241e-05 9.10012722506228e-05 8.85245309862241e-05 8.93121011481639e-05 12084
2026-06-08 13:00 8.93121011481639e-05 9.11459134602618e-05 8.87258649210822e-05 9.11459134602618e-05 2851
2026-06-08 14:00 9.11459134602618e-05 9.11459134602618e-05 8.89721561151921e-05 8.94504364900049e-05 2478
2026-06-08 15:00 8.94504364900049e-05 9.10953369925511e-05 8.86558952258351e-05 8.86558952258351e-05 10058
2026-06-08 16:00 8.86558952258351e-05 9.12370541270946e-05 8.86558952258351e-05 8.92230817925536e-05 5728
2026-06-08 17:00 8.92230817925536e-05 9.07904178336341e-05 8.88073957633844e-05 8.88073957633844e-05 36
2026-06-08 18:00 8.88073957633844e-05 9.14350383471357e-05 8.8682592467242e-05 8.88541966060842e-05 34
2026-06-08 19:00 8.88541966060842e-05 9.13673257151521e-05 8.88541966060842e-05 8.89211782935729e-05 157
2026-06-08 20:00 8.89211782935729e-05 9.136066720012e-05 8.86396603100294e-05 9.136066720012e-05 3524
2026-06-08 21:00 9.136066720012e-05 9.136066720012e-05 8.8749348544576e-05 8.92602968760229e-05 8281
2026-06-08 22:00 8.92602968760229e-05 9.14319310311164e-05 8.8465744122153e-05 9.14319310311164e-05 1217
2026-06-08 23:00 9.14319310311164e-05 9.14319310311164e-05 8.89078189854093e-05 9.0584125886945e-05 805
2026-06-09 00:00 9.0584125886945e-05 9.10145047251165e-05 8.88489185685629e-05 9.10145047251165e-05 1639
2026-06-09 01:00 9.10145047251165e-05 9.13734073857798e-05 8.87372801869654e-05 8.87372801869654e-05 17120
2026-06-09 02:00 8.87372801869654e-05 9.06938135285446e-05 8.8282420921413e-05 9.03093613099823e-05 40870
2026-06-09 03:00 9.03093613099823e-05 9.03093613099823e-05 7.81569399295178e-05 8.51115595142163e-05 130239
2026-06-09 04:00 8.51115595142163e-05 8.56286761480881e-05 8.32671234592397e-05 8.32671234592397e-05 4834
2026-06-09 05:00 8.32671234592397e-05 8.54181682863297e-05 7.80597329538643e-05 7.97496169024514e-05 71310
2026-06-09 06:00 7.97496169024514e-05 8.03692148759435e-05 7.79865880554882e-05 7.97607708552375e-05 27071
2026-06-09 07:00 7.97607708552375e-05 8.0444458076814e-05 7.80429654361244e-05 7.83372772334759e-05 15666
2026-06-09 08:00 7.83372772334759e-05 8.05589613397613e-05 7.83219108577289e-05 7.86301259193498e-05 13429
2026-06-09 09:00 7.86301259193498e-05 8.05271299065487e-05 7.83967681523971e-05 7.89040192508166e-05 3085
2026-06-09 10:00 7.89040192508166e-05 8.06514025836001e-05 7.84639437278709e-05 7.8467102684122e-05 1793
2026-06-09 11:00 7.8467102684122e-05 8.03876983279093e-05 7.83006327180672e-05 8.0067599226352e-05 3792
2026-06-09 12:00 8.0067599226352e-05 8.0067599226352e-05 7.83584821058483e-05 7.83584821058483e-05 771
2026-06-09 13:00 7.83584821058483e-05 8.05127651051079e-05 7.83584821058483e-05 8.01188109069512e-05 124
2026-06-09 14:00 8.01188109069512e-05 8.06587933023128e-05 7.84821912680929e-05 7.85059118693255e-05 795
2026-06-09 15:00 7.85059118693255e-05 8.00320634960819e-05 7.8374840796156e-05 7.8374840796156e-05 501
2026-06-09 16:00 7.8374840796156e-05 8.05893507535025e-05 7.83155190084292e-05 7.88958082384211e-05 2354
2026-06-09 17:00 7.88958082384211e-05 8.05733838157757e-05 7.85544718625841e-05 8.04347895687532e-05 1286
2026-06-09 18:00 8.04347895687532e-05 8.05469182164789e-05 7.83447691786474e-05 8.04841772111913e-05 4531
2026-06-09 19:00 8.04841772111913e-05 8.04841772111913e-05 7.8434956221321e-05 8.04682924919367e-05 1838
2026-06-09 20:00 8.04682924919367e-05 8.06807982108179e-05 7.84015041783968e-05 7.84349409983465e-05 3362
2026-06-09 21:00 7.84349409983465e-05 8.04025055934144e-05 7.82033468790222e-05 8.02635949190993e-05 1771
2026-06-09 22:00 8.02635949190993e-05 8.03617873292622e-05 7.87040625746283e-05 8.02491528487282e-05 1313
2026-06-09 23:00 8.02491528487282e-05 8.04757613329729e-05 7.83570762994507e-05 7.84198788040665e-05 255
2026-06-10 00:00 7.84198788040665e-05 8.0435594509321e-05 7.84198788040665e-05 8.01114372086708e-05 174
2026-06-10 01:00 8.01114372086708e-05 8.05426609265684e-05 7.99155652760208e-05 8.05426609265684e-05 12
2026-06-10 02:00 8.05426609265684e-05 8.05426609265684e-05 7.82494059210794e-05 7.97632272244073e-05 340
2026-06-10 03:00 7.97632272244073e-05 8.00815936900058e-05 7.82855003043103e-05 7.98563346437378e-05 1413
2026-06-10 04:00 7.98563346437378e-05 8.03645226675092e-05 7.80797825576364e-05 7.97384659767763e-05 12213
2026-06-10 05:00 7.97384659767763e-05 8.04782362188934e-05 7.82362665564255e-05 7.99198046171431e-05 472
2026-06-10 06:00 7.99198046171431e-05 8.04618725391781e-05 7.82859984781925e-05 7.82859984781925e-05 250
2026-06-10 07:00 7.82859984781925e-05 8.05451601143702e-05 7.80147922919238e-05 7.83522808627404e-05 13861
2026-06-10 08:00 7.83522808627404e-05 8.02539019443512e-05 7.82770856482899e-05 8.02539019443512e-05 6318
2026-06-10 09:00 8.02539019443512e-05 8.0258851849446e-05 7.82021803465741e-05 7.86795662041724e-05 3790
2026-06-10 10:00 7.86795662041724e-05 7.98512668086055e-05 7.8365197776073e-05 7.8379644527652e-05 268
2026-06-10 11:00 7.8379644527652e-05 7.9986573616795e-05 7.83521797560716e-05 7.83524039441189e-05 204
2026-06-10 12:00 7.83524039441189e-05 8.04473880119475e-05 7.83524039441189e-05 7.88149641616456e-05 5248
2026-06-10 13:00 7.88149641616456e-05 8.07307408982984e-05 7.81375863844995e-05 7.84881849519373e-05 25028
2026-06-10 14:00 7.84881849519373e-05 8.07511590183564e-05 7.84881849519373e-05 8.07511590183564e-05 465
2026-06-10 15:00 8.07511590183564e-05 8.07511590183564e-05 7.84700996900433e-05 7.9897969695809e-05 2757
2026-06-10 16:00 7.9897969695809e-05 8.06592107701681e-05 7.85192990216182e-05 7.8608630661425e-05 11991
2026-06-10 17:00 7.8608630661425e-05 8.00652206239417e-05 7.83769100411231e-05 7.84761015544231e-05 3765
2026-06-10 18:00 7.84761015544231e-05 8.01389683857571e-05 7.83174593900919e-05 7.87815058867923e-05 237
2026-06-10 19:00 7.87815058867923e-05 8.0481742299754e-05 7.84351113049055e-05 7.89884040441814e-05 4887
2026-06-10 20:00 7.89884040441814e-05 8.04992672934871e-05 7.8187845177495e-05 7.8778078243801e-05 2834
2026-06-10 21:00 7.8778078243801e-05 7.89097708941797e-05 7.8323297168868e-05 7.89097708941797e-05 161
2026-06-10 22:00 7.89097708941797e-05 8.04275068077284e-05 7.83872250441259e-05 7.84771187595784e-05 148
2026-06-10 23:00 7.84771187595784e-05 7.88010574401664e-05 7.52010000454001e-05 7.57735030251987e-05 45917
2026-06-11 00:00 7.57735030251987e-05 7.69054477185803e-05 7.41447147098225e-05 7.45814522011327e-05 28084
2026-06-11 01:00 7.45814522011327e-05 7.61238102248924e-05 6.50603533205311e-05 6.74532863846631e-05 92299
2026-06-11 02:00 6.74532863846631e-05 6.94403096214325e-05 6.74532863846631e-05 6.76462368085926e-05 9650
2026-06-11 03:00 6.76462368085926e-05 7.1329127749168e-05 6.76190744383604e-05 7.09061102612073e-05 15398
2026-06-11 04:00 7.09061102612073e-05 7.11335245738486e-05 6.93093321266396e-05 7.10036320187793e-05 4719
2026-06-11 05:00 7.10036320187793e-05 7.12978547890864e-05 6.93665275528818e-05 6.98196132425727e-05 4699
2026-06-11 06:00 6.98196132425727e-05 7.10739154654538e-05 6.93671464299744e-05 7.07884482800739e-05 574
2026-06-11 07:00 7.07884482800739e-05 7.12805870881649e-05 6.93019004518027e-05 7.11656531166292e-05 2566
2026-06-11 08:00 7.11656531166292e-05 7.15294706462197e-05 6.99188560377404e-05 7.01037928767914e-05 14389
